323727174879288432322338029614786043219
332093142905007608776794843088220507747
184037634669618010585655529050186479667
222469847055212280482316307792798897619
332574240310690701742489463313858399347
189048569908734743200063309151974641599
325217233662767679269856234507958561679
265733069836953021104589357293605940039
323250345801379792131193773206335984547
312434137892258267011822741607477065979
327733099032625485215988291068059956959
255975543522095631956082908686748530679
290525132531021505800340343298606216087
297353078129395678294442112450117269219
254107197637716254398355037611948767799
253572553602282594589265846492082123047
338832237410423946089301049980870835523
282831180829410685177993875895894841747
239646983912018044230254457201737024219
308276386578324323404709205985910449379