103357714950514074740527679118331697174933318944028138826196227132256650787727
105418067230565229302401311614871856367337516926256261485610678970677326732123
105559089586473976740055140128421062359025289556636967864560744401233007805403
87034092342129325419771015714657537079420128953199818759430758522836338842159
67901336082295264683840012168161381252641132187552330522830489365734359751879
72913145455919972217334866126270549858536265682130706975421205054128147698263
94362152290650639448582521368825427759173185860997217147945882260434667470287
99911334871205784817553368172678000540356783622453243632862683911574715741399
109042293343390780898239761338683269501466118148801677941583896581390895389239
80923895604675619970494345321696117434399082471082961255710931520215537039527
63839456434565879894203795281956504068274511115345843536844784288787160586147
112152241926485597388809137165134829031545442954074641071652426399846259535941
81020001773422492891733085922055012919604287164614678283832650720941247690981
103072101929960550234089309453595655918266717661971914208289253671539998706077
109720024536478065906473638003812192697883455054972866283363642065240643042487
109409418821742450089116217307424234320474677651520000473125951394342553052819